59.11 28.10 15 -0.00 0.78 -0.78 0.04 -0.02 0.27 26 X Y 201012201841A
51.56 30.08 21 -0.03 0.25 -0.21 0.15 -0.15 1.41 24 X Y 201101050555A
51.64 30.03 24 -0.17 -2.29 2.46 0.75 -0.98 3.37 23 X Y 201101072353A
51.62 30.10 20 -0.23 1.43 -1.20 1.02 -1.44 5.88 23 X Y 201101080024A
42.65 42.01 19 0.80 -1.18 0.38 -0.40 0.39 -0.11 24 X Y 201101190917A
58.88 28.01 20 -1.30 3.18 -1.88 -0.13 1.35 0.53 23 X Y 201101270702A
59.02 28.02 14 -0.20 2.42 -2.22 0.20 0.50 0.41 25 X Y 201101270838A
58.94 28.03 12 -0.09 0.91 -0.82 0.03 0.33 0.00 24 X Y 201101280420A
51.05 29.99 12 0.97 -0.69 -0.28 -0.14 0.06 0.52 24 X Y 201103051124A
57.16 28.12 16 0.56 -0.79 0.22 6.69 -0.33 0.53 23 X Y 201103052042A
57.56 27.71 41 0.70 -1.06 0.36 1.08 0.67 0.98 24 X Y 201106150105A
39.57 38.53 19 0.14 -0.86 0.72 0.24 -0.15 1.11 24 X Y 201106230734A
57.57 29.89 22 5.52 -3.69 -1.82 -0.95 2.24 2.75 23 X Y 201106261947A
31.82 38.32 16 -1.67 0.49 1.18 1.45 -0.26 -0.80 23 X Y 201107270958A
54.71 36.57 12 3.46 -3.28 -0.17 -0.21 0.61 0.97 23 X Y 201108112232A
42.83 42.62 14 3.69 -3.89 0.20 0.93 -0.67 1.21 23 X Y 201108181157A
38.60 39.68 16 -0.10 -2.24 2.34 0.49 -0.42 1.30 24 X Y 201109220322A
54.31 27.92 16 0.60 -0.74 0.14 -0.16 0.02 0.24 24 X Y 201110190252A
43.40 38.64 12 5.27 -5.86 0.59 2.13 -1.78 -0.61 26 X Y 201110231041A
43.07 38.52 21 6.54 -6.38 -0.16 -0.06 -0.26 0.85 23 X Y 201110231810A
43.07 38.51 12 0.99 -1.03 0.04 0.16 -0.12 0.35 25 X Y 201110232045A
43.46 38.57 22 1.72 -1.68 -0.04 0.00 -0.10 -0.04 23 X Y 201110240828A
43.48 38.61 20 2.17 -1.96 -0.21 0.26 0.15 -0.15 23 X Y 201110240849A
43.55 38.69 14 2.62 -3.54 0.92 0.16 0.10 -0.69 24 X Y 201110251455A
43.86 37.08 20 0.32 -6.20 5.88 1.79 0.75 -1.22 23 X Y 201110270804A
43.52 38.83 19 -0.49 -3.44 3.92 0.97 0.68 -2.75 23 X Y 201110292224A
43.50 38.82 16 -0.29 -0.24 0.53 -0.01 0.72 -1.46 23 X Y 201111060243A
43.08 38.62 21 1.20 -1.27 0.07 0.36 -0.12 0.31 24 X Y 201111082205A
43.28 38.30 13 -1.01 0.75 0.26 -0.66 1.31 -4.05 24 X Y 201111091923A
43.05 38.57 17 0.74 -0.74 -0.00 0.18 0.06 0.25 24 X Y 201111142208A
59.92 32.05 13 2.29 -1.60 -0.69 0.01 1.70 2.17 23 X Y 201111210156A
43.32 38.34 28 0.47 -1.03 0.56 0.06 0.08 -1.20 24 X Y 201111300047A
43.31 38.49 24 -0.44 -1.19 1.64 -0.12 -0.15 -1.47 23 X Y 201112042215A
55.65 26.86 17 1.67 -3.03 1.35 0.95 -0.89 0.46 23 X Y 201201091953A
53.10 36.37 31 3.11 -2.09 -1.02 -0.99 1.57 1.45 23 X Y 201201111708A
58.90 36.27 20 0.65 -0.58 -0.08 0.55 -0.37 0.37 24 X Y 201201191235A
51.32 28.53 18 2.41 -0.89 -1.53 -0.12 -0.51 1.32 23 X Y 201202050610A
56.73 31.35 12 0.69 -0.80 0.11 -0.17 0.28 0.36 24 X Y 201202271848A
46.81 32.58 12 3.49 -2.32 -1.18 -0.23 -0.44 1.78 23 X Y 201202282318A
44.14 34.96 15 -0.30 3.21 -2.91 0.48 0.73 6.31 23 X Y 201203050650A
46.73 32.79 16 3.58 -2.79 -0.78 1.70 -1.41 1.70 23 X Y 201203081821A
46.84 32.59 12 2.43 -1.71 -0.72 0.69 0.15 1.35 23 X Y 201203240525A
42.20 39.15 19 0.74 -0.75 0.01 -0.02 -0.04 -0.16 24 X Y 201203261035A
57.96 27.76 88 -1.82 3.97 -2.16 0.55 -3.46 -4.22 23 X Y 201204181740A
46.85 32.54 12 3.95 -2.69 -1.26 0.11 -0.39 2.02 23 X Y 201204181843A
46.93 32.52 12 2.18 -1.72 -0.46 0.95 0.88 1.41 23 X Y 201204182004A
46.83 32.53 12 0.76 -0.57 -0.18 0.17 -0.15 0.38 24 X Y 201204200121A
46.73 32.63 12 0.82 -0.59 -0.23 0.01 -0.20 0.43 24 X Y 201204200305B
46.73 32.61 13 1.84 -1.23 -0.61 -0.20 -1.03 1.05 23 X Y 201204200352A
46.58 32.65 12 1.62 -1.35 -0.27 0.34 -2.01 0.95 23 X Y 201204200356B
46.75 32.54 19 4.77 -3.10 -1.67 0.77 -5.36 3.18 23 X Y 201204210525A
47.60 32.66 21 1.47 -1.31 -0.16 0.35 0.01 0.74 24 X Y 201205031009A
44.04 35.04 24 -0.22 1.03 -0.81 0.04 0.85 1.39 23 X Y 201205050157A
46.68 41.46 15 1.99 -1.82 -0.17 7.12 -2.32 0.88 24 X Y 201205070440A
46.77 41.63 12 -1.22 1.03 0.19 0.02 -0.18 -0.53 24 X Y 201205071415A
53.96 26.81 12 5.12 -4.95 -0.17 2.76 0.16 2.36 23 X Y 201205131821A
53.88 26.86 12 6.28 -5.99 -0.28 1.68 -1.42 2.57 23 X Y 201205172140A
50.62 29.69 13 3.31 -1.52 -1.80 0.70 -0.87 2.06 23 X Y 201206081615A
42.44 37.11 12 0.44 -0.65 0.21 0.48 -0.18 0.55 24 X Y 201206140552A
