42.72 39.60 15 1.13 -6.33 5.20 1.35 0.85 -3.01 23 X Y
39.02 38.49 24 -0.28 -1.06 1.34 0.47 -0.73 1.27 24 X Y
39.23 38.45 12 -3.22 0.20 3.01 -0.38 -2.26 2.79 24 X Y
56.34 28.04 19 0.66 -0.94 0.28 0.34 -0.04 0.22 24 X Y
50.79 34.47 19 1.42 -1.68 0.26 0.53 -1.10 1.35 24 X Y
40.93 39.37 17 -0.32 -0.69 1.01 -0.15 0.23 0.35 24 X Y
33.10 39.43 12 -0.33 -2.83 3.17 0.55 -2.08 -1.58 24 X Y
33.05 39.55 15 0.10 -2.69 2.59 0.56 -1.01 0.44 24 X Y
35.32 33.27 12 -0.72 4.39 -3.67 -0.38 -2.70 -4.36 23 X Y
59.17 33.25 12 1.81 -3.94 2.14 0.76 0.28 3.38 23 X Y
47.36 32.23 12 1.19 -4.68 3.48 0.97 -0.43 4.03 24 X Y
47.10 32.44 12 4.56 -3.92 -0.64 1.60 -1.51 3.27 23 X Y
55.72 26.65 12 1.34 -1.35 0.01 0.72 0.19 -0.90 25 X Y
55.96 26.75 12 0.80 -0.94 0.14 0.14 -0.30 -0.08 24 X Y
46.19 43.40 13 5.89 -6.72 0.82 -0.95 1.40 0.21 24 X Y
54.91 26.37 12 0.99 -1.18 0.19 0.78 -0.74 0.06 24 X Y
55.74 26.82 12 1.29 -0.90 -0.39 -0.05 -0.44 -0.95 24 X Y
55.76 26.83 12 5.46 -5.09 -0.37 0.59 -2.81 -0.94 23 X Y
55.80 26.75 14 3.69 -3.55 -0.14 1.98 -0.06 -1.28 23 X Y
37.76 25.20 12 -3.99 1.59 2.40 0.35 -0.28 -1.85 24 X Y
55.70 26.60 12 1.04 -0.80 -0.24 0.04 0.00 0.37 24 X Y
43.51 42.61 13 0.92 -0.64 -0.28 0.63 -0.22 0.47 25 X Y
48.21 32.60 15 5.45 -6.27 0.82 -1.26 1.90 3.25 23 X Y
40.04 38.82 15 0.09 -1.42 1.33 0.63 0.17 0.18 25 X Y
39.95 38.73 19 -0.05 -2.47 2.52 0.78 -0.11 0.62 24 X Y
39.93 38.79 23 1.94 -5.17 3.22 1.54 0.79 2.89 23 X Y
39.99 38.69 29 0.55 -4.11 3.56 2.26 -2.25 1.92 23 X Y
54.80 27.09 20 -0.12 -2.70 2.82 -0.96 -0.14 2.32 23 X Y
53.65 26.89 12 4.84 -4.36 -0.48 1.86 -2.76 1.04 24 X Y
59.36 35.17 28 0.57 0.48 -1.04 -1.34 -0.47 1.21 24 X Y
56.69 29.46 18 -0.74 -0.99 1.73 0.63 -0.13 -0.38 24 X Y
54.49 35.53 15 -0.10 -4.76 4.86 1.06 -0.42 -2.34 24 X Y
51.62 29.56 17 1.25 -1.39 0.13 8.08 -4.42 1.48 24 X Y
52.47 27.94 12 1.75 -1.74 -0.01 0.13 -0.43 1.01 24 X Y
51.56 30.08 21 -0.03 0.25 -0.21 0.15 -0.15 1.41 24 X Y
51.62 30.10 20 -0.23 1.43 -1.20 1.02 -1.44 5.88 23 X Y
42.65 42.01 19 0.80 -1.18 0.38 -0.40 0.39 -0.11 24 X Y
59.02 28.02 14 -0.20 2.42 -2.22 0.20 0.50 0.41 25 X Y
58.94 28.03 12 -0.09 0.91 -0.82 0.03 0.33 0.00 24 X Y
51.05 29.99 12 0.97 -0.69 -0.28 -0.14 0.06 0.52 24 X Y
57.16 28.12 16 0.56 -0.79 0.22 6.69 -0.33 0.53 23 X Y
57.56 27.71 41 0.70 -1.06 0.36 1.08 0.67 0.98 24 X Y
39.57 38.53 19 0.14 -0.86 0.72 0.24 -0.15 1.11 24 X Y
57.57 29.89 22 5.52 -3.69 -1.82 -0.95 2.24 2.75 23 X Y
38.60 39.68 16 -0.10 -2.24 2.34 0.49 -0.42 1.30 24 X Y
54.31 27.92 16 0.60 -0.74 0.14 -0.16 0.02 0.24 24 X Y
43.40 38.64 12 5.27 -5.86 0.59 2.13 -1.78 -0.61 26 X Y
43.07 38.52 21 6.54 -6.38 -0.16 -0.06 -0.26 0.85 23 X Y
43.07 38.51 12 0.99 -1.03 0.04 0.16 -0.12 0.35 25 X Y
43.55 38.69 14 2.62 -3.54 0.92 0.16 0.10 -0.69 24 X Y
43.86 37.08 20 0.32 -6.20 5.88 1.79 0.75 -1.22 23 X Y
43.52 38.83 19 -0.49 -3.44 3.92 0.97 0.68 -2.75 23 X Y
43.08 38.62 21 1.20 -1.27 0.07 0.36 -0.12 0.31 24 X Y
43.28 38.30 13 -1.01 0.75 0.26 -0.66 1.31 -4.05 24 X Y
43.05 38.57 17 0.74 -0.74 -0.00 0.18 0.06 0.25 24 X Y
53.10 36.37 31 3.11 -2.09 -1.02 -0.99 1.57 1.45 23 X Y
58.90 36.27 20 0.65 -0.58 -0.08 0.55 -0.37 0.37 24 X Y
56.73 31.35 12 0.69 -0.80 0.11 -0.17 0.28 0.36 24 X Y
42.20 39.15 19 0.74 -0.75 0.01 -0.02 -0.04 -0.16 24 X Y
57.96 27.76 88 -1.82 3.97 -2.16 0.55 -3.46 -4.22 23 X Y
46.83 32.53 12 0.76 -0.57 -0.18 0.17 -0.15 0.38 24 X Y
47.60 32.66 21 1.47 -1.31 -0.16 0.35 0.01 0.74 24 X Y
46.68 41.46 15 1.99 -1.82 -0.17 7.12 -2.32 0.88 24 X Y
46.77 41.63 12 -1.22 1.03 0.19 0.02 -0.18 -0.53 24 X Y
42.44 37.11 12 0.44 -0.65 0.21 0.48 -0.18 0.55 24 X Y
59.94 34.51 21 6.19 -1.19 -4.99 -3.37 2.58 2.25 23 X Y
50.92 31.72 18 2.89 -3.42 0.53 -1.09 -0.81 -0.15 23 X Y
46.80 38.31 15 1.04 0.51 -1.55 0.88 -0.37 -5.85 25 X Y
46.78 38.35 19 2.48 -1.07 -1.41 -1.78 0.44 -3.21 25 X Y
46.71 38.39 13 2.89 -0.34 -2.55 -0.03 0.70 -3.77 23 X Y
53.94 27.00 12 -0.09 -0.70 0.79 -0.15 -0.26 0.33 24 X Y
46.31 41.63 12 0.71 -0.64 -0.06 2.66 -0.45 0.33 24 X Y
46.61 38.40 15 0.47 -0.46 -0.00 0.27 -0.25 -2.73 24 X Y
59.60 33.41 15 1.92 -1.70 -0.23 0.07 3.82 3.90 24 X Y
44.85 38.31 28 1.92 -0.51 -1.41 2.53 -0.64 -3.77 23 X Y
41.02 42.46 16 -0.45 5.31 -4.87 -1.34 0.45 1.88 24 X Y
40.95 42.51 16 -0.08 1.35 -1.27 -0.17 -0.05 0.63 24 X Y
57.41 30.23 12 0.35 -1.33 0.98 0.11 -0.36 0.34 24 X Y
51.62 28.27 12 2.40 -0.85 -1.55 -0.72 0.50 3.10 25 X Y
51.65 28.24 12 1.18 -0.89 -0.29 -0.73 0.37 1.65 24 X Y
51.51 28.39 13 0.73 -0.16 -0.57 -0.07 -0.08 0.46 24 X Y
51.78 28.07 12 2.44 -2.36 -0.08 0.51 1.83 1.67 23 X Y
51.55 28.33 18 3.57 -1.26 -2.31 0.71 -0.74 2.11 23 X Y
57.73 26.55 12 -0.14 -0.97 1.11 0.60 0.14 1.86 25 X Y
57.85 26.53 19 -0.27 -1.32 1.58 0.00 -0.52 1.57 24 X Y
57.96 26.54 16 -1.02 -3.77 4.79 -3.43 -1.62 5.19 23 X Y
57.66 26.52 15 -0.12 -0.69 0.81 1.32 0.62 2.56 24 X Y
57.66 26.51 12 -0.05 -0.65 0.71 0.96 0.42 2.17 24 X Y
57.68 26.50 12 -0.04 -1.24 1.28 0.74 0.28 2.05 24 X Y
57.64 26.49 13 -0.09 -0.60 0.69 0.79 0.30 2.04 24 X Y
41.65 43.28 12 0.63 -0.74 0.11 0.26 0.14 0.12 24 X Y
45.75 42.07 13 0.39 -0.36 -0.03 1.18 0.11 0.20 24 X Y
