49.000000,35.000000, -88.870003, 1.332000
49.000000,37.000000, -85.302002, 1.257000
49.000000,39.000000, -81.292999, 1.235000
49.000000,41.000000, -78.155998, 1.200000
49.000000,43.000000, -78.999001, 1.147000
49.000000,45.000000, -77.665001, 0.994000
49.000000,47.000000, -81.948997, 0.871000
49.000000,49.000000, -85.077003, 1.061000
47.000000,35.000000, -84.962997, 0.881000
47.000000,37.000000, -70.717003, 0.833000
47.000000,39.000000, -52.999001, 0.654000
47.000000,41.000000, -38.054001, 0.421000
47.000000,43.000000, 22.163000, 0.264000
47.000000,45.000000, 40.490002, 0.558000
47.000000,47.000000, 60.273998, 0.308000
47.000000,49.000000, -84.275002, 0.702000
45.000000,35.000000, -40.127998, 0.450000
45.000000,37.000000, -43.327000, 0.767000
45.000000,39.000000, -32.826000, 0.874000
45.000000,41.000000, -1.871000, 0.474000
45.000000,43.000000, 30.473000, 0.999000
45.000000,45.000000, 35.596001, 1.283000
45.000000,47.000000, 35.034000, 0.849000
45.000000,49.000000, 66.331001, 0.304000
43.000000,35.000000, -22.577000, 1.191000
43.000000,37.000000, -22.327999, 1.071000
43.000000,39.000000, -9.879000, 1.172000
43.000000,41.000000, -3.859000, 1.231000
43.000000,43.000000, 3.482000, 1.173000
43.000000,45.000000, 7.661000, 1.676000
43.000000,47.000000, 7.928000, 1.953000
43.000000,49.000000, 9.932000, 1.454000
41.000000,35.000000, -27.853001, 1.438000
41.000000,37.000000, -27.636000, 1.456000
41.000000,39.000000, -20.263000, 1.469000
41.000000,41.000000, -16.395000, 1.420000
41.000000,43.000000, -12.809000, 1.562000
41.000000,45.000000, -3.251000, 2.415000
41.000000,47.000000, 1.087000, 3.355000
41.000000,49.000000, 2.311000, 3.117000
39.000000,35.000000, -14.123000, 0.974000
39.000000,37.000000, -22.431999, 1.355000
39.000000,39.000000, -20.976000, 1.630000
39.000000,41.000000, -17.796000, 1.664000
39.000000,43.000000, -11.085000, 1.941000
39.000000,45.000000, -3.761000, 3.022000
39.000000,47.000000, -0.728000, 4.170000
39.000000,49.000000, -0.731000, 4.507000
37.000000,35.000000, 0.754000, 1.747000
37.000000,37.000000, -6.386000, 2.235000
37.000000,39.000000, -10.882000, 2.615000
37.000000,41.000000, -12.344000, 2.514000
37.000000,43.000000, -8.540000, 2.436000
37.000000,45.000000, -3.170000, 2.843000
37.000000,47.000000, -1.221000, 3.431000
37.000000,49.000000, -0.444000, 3.979000
35.000000,35.000000, 11.012000, 1.315000
35.000000,37.000000, -10.299000, 1.499000
35.000000,39.000000, -21.629000, 1.807000
35.000000,41.000000, -25.906000, 1.899000
35.000000,43.000000, -17.233999, 1.938000
35.000000,45.000000, -4.382000, 2.113000
35.000000,47.000000, 0.897000, 2.410000
35.000000,49.000000, 1.683000, 3.000000
