ADVTxx_KO   40.430   29.740   36.504   17.831    1.625    0.054         51
AFSRxx_KO   39.450   33.070   33.674   12.907    0.940    0.030         50
AGINxx_XG   38.940   38.710   27.932   10.746    1.019    0.027         40
AGRBxx_KO   39.580   42.990   67.406   19.665    1.311    0.057         40
AHLTxx_XG   38.750   42.480   50.116   11.687    1.500    0.164          6
AKDMxx_KO   38.330   42.980   66.300    6.146    0.750    0.104          3
AKKUxx_KO   36.160   33.550    3.000   13.500    1.200    0.500          1
ALICxx_YL   40.980   33.490   48.283   11.581    1.462    0.044         37
ALINxx_YL   41.060   32.880   41.654   11.051    1.526    0.071         25
ALORxx_YL   41.300   32.870   34.310   12.032    1.594    0.079         25
ALTxxx_KO   39.060   30.110   28.259   16.488    1.418    0.093         30
ANTBxx_KO   36.900   30.650  146.202   14.949    1.152    0.032         57
ANTOxx_IU   39.870   32.790   41.306   13.841    0.983    0.016        285
APERxx_YF   35.550   27.170   18.611    8.753    1.245    0.120         10
APExxx_GE   37.070   25.530   15.641    6.978    1.045    0.088         19
ARGxxx_HL   36.210   28.120   13.572    7.633    0.872    0.033          9
ARMTxx_KO   40.570   28.870   43.026   13.439    1.354    0.039         75
ARSLxx_YL   40.960   35.890   50.327   30.741    0.773    0.049         22
AYDBxx_KO   37.950   27.890  175.971   16.671    1.487    0.124         19
BAGBxx_YL   40.280   36.410   22.880   18.111    0.686    0.036          7
BALBxx_KO   39.640   27.880   19.984   10.196    1.548    0.027        121
BAYTxx_KO   40.390   40.140   50.163   13.271    1.261    0.030         89
BCAxxx_KO   41.440   41.620   44.115   12.336    1.404    0.035        129
BCKxxx_KO   37.460   30.590  121.793   25.508    1.726    0.132         17
BEDIxx_YL   41.120   33.510   47.709    8.824    1.255    0.033         57
BEKIxx_YL   41.310   34.260   40.529   12.243    1.043    0.067         22
BGKTxx_KO   41.180   28.770   24.570   11.251    1.366    0.041         51
BLCBxx_DE   38.390   27.040   15.735   17.986    1.450    0.102         16
BLCBxx_KO   38.390   27.040   12.083   19.174    1.521    0.047         71
BNGBxx_KO   38.990   40.680   47.598   11.564    1.240    0.025        111
BNGLxx_XG   38.920   40.600   51.325    8.051    1.150    0.075         26
BNNxxx_KO   38.850   35.850  106.838   27.278    1.490    0.164         10
BODTxx_KO   37.060   27.310    6.932   13.885    1.294    0.072         31
BOKExx_YL   40.550   36.210   52.068    8.885    0.767    0.159          3
BOZxxx_XH   38.300   28.050    0.500   12.707    1.425    0.225          2
BTLSxx_XG   38.430   42.120   24.056   16.878    1.080    0.097         20
BUYxxx_TK   40.850   29.120   45.832    6.696    1.689    0.106         18
BYBTxx_XG   40.240   40.270   49.471    9.600    1.263    0.042         39
BYKNxx_XG   38.170   41.780   42.797   16.864    0.953    0.055         17
BZKxxx_KO   41.960   34.000   56.985   11.865    1.300    0.184          4
CAKMxx_YL   40.010   37.370   33.944   13.716    0.996    0.025         60
CALTxx_YL   41.330   35.120   28.276   16.910    0.850    0.104          8
CANBxx_KO   40.020   27.060   23.744    5.467    1.623    0.088         22
CANTxx_KO   40.610   33.620   32.347   14.637    0.990    0.027        126
CAVIxx_KO   40.200   29.840   32.065   14.218    1.203    0.032        116
CAYAxx_YL   40.370   34.270   38.850   19.751    0.821    0.069         12
CEYTxx_KO   37.010   35.750   19.172    7.356    1.118    0.020        143
CHBYxx_KO   38.580   32.890   37.392   10.210    1.102    0.068         22
CHOMxx_KO   41.100   40.760   40.462    7.460    1.487    0.164          8
CLDRxx_KO   39.140   43.920   62.624   36.872    1.034    0.081         29
CMCYxx_XG   39.920   43.200   84.000   10.000    1.900    0.400          1
CORMxx_KO   40.180   34.630   46.112   12.810    0.789    0.021        132
CRLTxx_KO   41.130   27.740   20.314   19.364    1.322    0.082         40
CRLUxx_YL   40.060   34.360   38.092   16.039    0.943    0.036         38
CSSxxx_GE   34.960   33.330   38.708   14.576    1.312    0.073         49
CTKSxx_KO   41.240   28.510   20.748    8.821    1.514    0.064         59
CTYLxx_KO   41.480   28.290   42.646   20.360    1.913    0.126         34
CUKTxx_KO   37.250   43.610   79.798   14.904    1.298    0.048         47
CUKUxx_YL   40.600   33.440   33.380    9.989    1.274    0.045         27
DALTxx_KO   36.770   28.640   20.555    8.901    1.097    0.035         29
DALYxx_KO   36.820   28.650    9.943   10.200    1.290    0.039         40
DARExx_KO   38.570   37.480   10.500   10.520    1.134    0.049         57
DAT0xx_KO   36.730   27.580   25.000    2.500    0.850    0.070          1
DATxxx_KO   36.730   27.580   19.711   10.476    0.904    0.053         26
DERExx_YL   41.480   35.060   31.218   12.103    0.860    0.142          5
DEUxxx_XH   38.370   27.210    2.000    9.500    1.350    0.400          1
DGRLxx_XG   41.060   43.330   50.575   22.913    1.188    0.056         29
DGSUxx_XG   39.130   42.730   40.701   13.604    1.190    0.082         15
DIKMxx_KO   41.650   35.260   25.500   20.343    0.825    0.175          2
DKLxxx_KO   39.070   26.910   26.289    6.080    1.616    0.063         38
DOGLxx_YL   40.390   35.280   53.866   13.204    0.859    0.031         43
DORTxx_KO   36.830   36.200   48.000    8.500    0.900    0.200          1
DUMAxx_YL   40.920   35.140   58.484   16.001    0.731    0.083          8
DYBBxx_KO   37.950   40.140   27.065    8.671    1.089    0.022         93
DYBRxx_XG   37.820   40.320   33.742    8.362    1.047    0.027         36
EDCxxx_KO   40.350   27.860   21.094   11.503    1.353    0.047         59
EDRBxx_KO   41.850   26.740    6.293   12.381    1.534    0.045         73
ELL0xx_KO   36.750   29.900  159.000    5.500    1.350    0.200          1
ELLxxx_KO   36.750   29.910  160.136   15.682    1.147    0.040         74
ENEZxx_KO   40.740   26.150   20.124   13.960    1.598    0.039         92
ERENxx_KO   35.530   34.170   42.424   32.172    1.085    0.103         13
ERGNxx_XG   38.260   39.730   25.427    7.842    1.225    0.052         22
ERIKxx_KO   40.670   26.510   25.193   12.723    1.685    0.048         81
ERZNxx_KO   39.590   39.720   51.410    7.515    1.388    0.029         78
ESPYxx_KO   40.920   38.730   24.553   12.088    1.121    0.048         38
EZN0xx_KO   39.830   26.330   24.000    2.500    2.050    0.100          1
EZNxxx_KO   39.830   26.320   26.999    6.410    1.788    0.027        146
EZRMxx_XG   40.100   41.360   49.792   15.766    1.667    0.081         35
FETYxx_KO   36.640   29.080  169.769   24.753    1.314    0.121         21
GADAxx_KO   40.190   25.900   20.270    7.677    1.741    0.046         76
GAZxxx_KO   37.170   37.210   12.799    8.645    1.473    0.039         82
GEDZxx_KO   39.040   29.410   54.000   22.074    1.300    0.150          2
GELIxx_KO   40.400   26.470   33.234   12.827    1.913    0.057         59
GEMTxx_KO   40.440   29.190   45.617   18.112    1.632    0.051         92
GLHSxx_KO   37.160   29.500  134.147   24.169    1.258    0.132          6
GLHSxx_SD   37.160   29.500  151.000    6.000    1.500    0.250          1
GNIxxx_IU   40.150   44.740   80.174   24.635    1.241    0.096         22
GOCExx_YL   39.740   34.350   54.850   22.971    1.167    0.097          6
GONExx_KO   40.050   27.690   25.800   10.059    1.553    0.075         16
GULAxx_KO   38.340   34.240   53.000    5.000    1.750    0.400          1
GULTxx_KO   40.430   30.520   27.894   10.321    1.158    0.016        171
GUROxx_KO   38.550   42.030   51.211   15.585    0.988    0.052         17
HAMRxx_XG   39.610   42.990   58.337    3.684    1.300    0.145          6
HASAxx_YL   41.470   33.560   25.757   15.924    1.175    0.101         18
HDMBxx_KO   36.960   32.490   73.698   14.999    1.335    0.051         24
HINSxx_XG   39.350   41.700   42.267    8.180    1.143    0.038         35
HRPTxx_XG   38.700   39.250   38.640   10.849    1.098    0.034         50
HRSNxx_XG   39.950   42.290   51.158   14.812    1.577    0.094         15
HRTXxx_KO   40.800   29.670   50.481   13.038    1.440    0.032        108
IKLxxx_KO   36.240   33.680   25.695   11.087    1.003    0.036         86
ILICxx_KO   39.450   38.570   28.407   10.642    1.023    0.038         55
ILICxx_XG   39.450   38.570   34.578   11.231    0.902    0.061         21
IMRLxx_XG   39.880   38.120   35.299    7.162    0.867    0.088          3
INCExx_YL   40.580   32.910   38.099    6.077    1.323    0.032         40
INSUxx_YL   39.840   35.370   78.888   25.315    1.009    0.079         16
ISKBxx_KO   41.070   29.060   41.865   11.466    1.293    0.075         20
ISKExx_YL   40.760   37.070   41.283    8.563    0.863    0.039         15
ISKxxx_KO   41.070   29.060   45.414   13.443    1.360    0.027        163
ISPxxx_GE   37.820   30.520    1.888   21.606    1.509    0.037        139
ISPxxx_GE   37.840   30.510    1.888   21.606    1.509    0.037        139
IZIxxx_KO   40.340   29.470  121.000    6.500    0.950    0.150          1
KAMTxx_KO   39.370   33.710   42.812   14.809    0.805    0.057         11
KARAxx_KO   37.260   35.050   17.077   16.609    0.998    0.065         59
KARAxx_YL   40.690   35.240   52.731   12.041    0.797    0.036         29
KARGxx_YL   40.290   33.550   24.445   11.707    0.800    0.100          3
KAROxx_KO   39.310   41.050   24.015   18.596    1.058    0.149          6
KARSxx_KO   40.620   43.090   35.196   14.857    1.177    0.032         43
KARSxx_XG   40.620   43.070   47.875   16.527    1.143    0.062          7
KAVAxx_KO   41.060   29.060   38.000    5.013    1.075    0.125          2
KAVAxx_YL   40.280   32.880   33.023   14.151    1.200    0.032         22
KAVVxx_KO   41.060   29.060   43.660   11.594    1.298    0.050         30
KCTXxx_KO   40.260   28.340   24.624    7.682    1.495    0.030        126
KDZExx_KO   41.310   31.440   30.445   11.422    1.736    0.045         42
KGACxx_YL   40.940   34.320   31.456    9.024    0.915    0.042         20
KIYIxx_YL   40.130   35.320   64.948    9.810    0.939    0.113         18
KIZIKx_YL   40.050   36.540   25.725   15.151    0.826    0.086         21
KIZTxx_KO   38.880   31.880   29.546   14.962    1.237    0.060         23
KLYTxx_KO   41.250   29.040   24.828   15.341    1.361    0.037         73
KLYxxx_KO   41.250   29.040   30.541   21.037    1.289    0.139          9
KMRSxx_KO   37.510   36.900   19.631    8.607    1.230    0.024        158
KONTxx_KO   37.950   32.360   15.633   15.466    1.209    0.038         66
KOPRxx_KO   39.990   41.850   57.500   25.064    1.575    0.225          2
KOTKxx_XG   40.220   43.010   48.226   17.603    1.240    0.068         10
KOUMxx_YF   37.700   26.840    3.647    5.349    1.221    0.126         12
KOZTxx_KO   37.480   35.830    4.192   13.167    1.434    0.059         55
KRBGxx_KO   40.390   27.300   23.142    9.981    1.757    0.045         74
KRLVxx_XG   39.370   40.990   54.434   10.109    1.180    0.068         28
KRTSxx_KO   36.570   35.380   21.898    7.520    1.257    0.034         63
KTLNxx_XG   37.950   41.710   24.383    8.276    0.887    0.085          4
KTUTxx_KO   40.990   39.770   56.158   10.906    1.495    0.045         78
KULAxx_KO   38.510   28.660  174.742   15.180    1.449    0.063         60
KULUxx_KO   39.030   33.000   39.500    5.517    1.425    0.375          2
KULxxx_XH   38.540   28.630    0.907   12.174    1.225    0.164          4
KURCxx_KO   41.850   32.740   52.427    8.547    1.300    0.154          5
KUYLxx_YL   41.590   34.330   59.350   16.439    1.283    0.095         18
KUZAxx_YL   40.440   36.250   46.773   14.955    1.000    0.108         15
KUZOxx_YL   40.900   32.860   52.751   11.392    1.596    0.058         42
KVTBxx_KO   41.080   36.050  104.000   15.500    0.500    0.200          1
KVTxxx_KO   41.080   36.050  103.319   34.311    0.705    0.043         29
KYPRxx_XG   37.560   41.170   43.017   21.035    0.904    0.052         24
LADKxx_KO   38.200   32.360   29.439    8.484    1.141    0.029        123
LAPxxx_KO   40.370   26.760   27.280   16.364    1.545    0.038         77
LEFxxx_KO   35.110   32.840   27.814   21.713    1.004    0.126         12
LOD0xx_KO   39.890   32.760   50.000    6.500    0.900    0.200          1
LODxxx_KO   39.890   32.760   36.410   13.947    0.942    0.019        146
MALTxx_GE   38.310   38.430   19.475    9.326    1.142    0.031        130
MALTxx_KO   38.310   38.430   21.284   17.352    0.862    0.094          4
MAZIxx_KO   37.460   40.450   42.827    9.266    1.011    0.057         28
MDNYxx_KO   40.370   28.880   30.722   15.323    1.462    0.027        113
MDUBxx_KO   40.470   31.200   31.427    8.734    1.578    0.042         37
MDUxxx_KO   40.470   31.210   31.728   11.751    1.434    0.050         34
MERSxx_KO   36.870   34.520    9.953   14.558    0.843    0.035         52
MFTXxx_KO   40.790   27.280   25.162    7.080    1.932    0.051         48
MLAZxx_KO   39.140   42.550   36.642    7.066    0.817    0.109          3
MLSBxx_KO   37.300   27.780  157.758   20.798    0.850    0.040         19
MRDNxx_XG   37.290   40.700   29.600   12.924    0.847    0.031         37
MRMTxx_KO   40.610   27.580   32.903   14.021    1.390    0.054         62
MRMXxx_KO   40.610   27.580   28.237   10.285    1.315    0.058         31
MSDYxx_XG   40.460   37.780   62.799   21.249    1.362    0.140         17
MUSHxx_XG   38.760   41.480   55.426    8.476    1.167    0.117         12
OGURxx_YL   41.110   35.170   67.459   16.564    1.100    0.190          4
PANCxx_YL   40.650   34.300   24.413    9.188    0.986    0.071         14
PELIxx_YL   41.110   34.300   49.088    9.824    0.986    0.041         18
PHSRxx_KO   41.630   27.520    9.648    9.717    1.835    0.064         54
PTK0xx_KO   38.890   39.390   43.000    7.000    1.200    0.270          1
PTKxxx_KO   38.890   39.390   30.727   13.666    1.345    0.053         92
PZARxx_KO   41.180   40.900   36.667   11.036    1.378    0.063         44
RKYxxx_KO   40.690   27.180   28.568    8.175    2.074    0.040         89
RSDYxx_KO   40.400   37.330   59.177   20.822    1.393    0.100         29
SARIxx_KO   38.410   36.420   30.659   11.110    0.727    0.056         22
SAUVxx_SU   40.740   30.330   57.363   14.889    1.808    0.283          6
SEMDxx_KO   37.350   44.520  104.000    5.500    0.950    0.130          1
SENKxx_KO   40.560   42.350   43.421   17.099    1.518    0.054         41
SERExx_KO   38.950   33.560   42.062   11.655    1.312    0.062         17
SEYHxx_YL   40.860   32.900   47.281    9.101    1.612    0.046         39
SHUTxx_KO   38.550   30.550   11.171    7.933    1.721    0.032         99
SILNxx_XG   38.140   41.040   47.324   10.338    1.121    0.121         12
SILTxx_KO   41.150   29.640   16.659   10.523    1.113    0.021         76
SIMAxx_KO   39.080   28.980   28.665    2.496    0.850    0.087          3
SIRNxx_XG   40.200   39.120   49.880    6.159    1.359    0.049         23
SIRTxx_KO   37.500   42.440   15.370   18.897    0.894    0.128          8
SLVTxx_KO   41.230   28.210   27.132   14.613    1.285    0.055         58
SNOPxx_KO   42.020   35.210  140.093   27.559    1.469    0.130         13
SPNCxx_KO   40.690   30.310   39.851   20.903    1.335    0.096         17
SULTxx_KO   38.200   33.520    6.420   31.970    1.337    0.186          4
SUTCxx_KO   37.480   31.000  146.385   13.678    1.493    0.243          7
SUTCxx_SD   37.480   31.000  166.644   38.043    1.145    0.201         11
SVANxx_KO   38.150   41.200   46.014   17.655    1.192    0.053         54
SVRCxx_KO   38.380   39.310   43.766   13.596    1.519    0.035         86
SVRHxx_KO   39.450   31.520   23.472   14.429    1.113    0.057         52
SVSKxx_KO   39.920   36.990   28.715   13.637    0.918    0.021        136
SYUNxx_YL   40.840   33.530   38.365   12.245    1.380    0.030         45
TAHTxx_KO   36.380   36.190   13.226    9.196    1.506    0.042         27
TASBxx_KO   39.980   44.240   43.500    0.500    0.900    0.050          2
TEPExx_YL   41.370   35.740  112.000    7.035    0.800    0.200          2
TKRxxx_KO   40.990   27.540   23.522    7.525    1.555    0.066         37
TOKTxx_KO   40.320   36.540   52.693   18.159    0.870    0.084         15
TVSBxx_KO   39.450   29.460   16.723   11.764    1.320    0.032         69
URFAxx_KO   37.440   38.820   23.031   12.607    1.089    0.026        132
UZMLxx_XG   39.710   39.720   43.835   10.438    1.059    0.048         27
VANBxx_KO   38.510   43.410   59.624   14.216    1.241    0.072         16
VRTBxx_KO   39.160   41.460   64.158    7.432    1.768    0.102         14
YAYXxx_KO   38.940   33.810   59.000    6.500    1.350    0.220          1
YEDIxx_KO   39.440   40.540   58.737   11.671    1.271    0.066         28
YERxxx_KO   37.140   28.290   20.231   36.144    1.533    0.152          6
YESIxx_YL   40.400   37.230   56.682   15.542    0.870    0.060         10
YIKIxx_YL   40.750   35.950   67.236   11.205    0.950    0.076          7
YKAVxx_KO   37.120   27.280   51.000   11.000    0.400    0.150          1
YLVxxx_KO   40.570   29.370   47.459   20.139    1.786    0.064         21
YLVXxx_KO   40.570   29.370   46.494   19.764    1.464    0.052         50
YOZxxx_KO   39.640   35.320   91.000   17.543    1.050    0.200          2
