49.000000,35.000000, 43.254002, 3.395000
49.000000,37.000000, 51.026001, 2.941000
49.000000,39.000000, 59.165001, 2.424000
49.000000,41.000000, 65.064003, 1.948000
49.000000,43.000000, 63.590000, 1.498000
49.000000,45.000000, 54.312000, 1.297000
49.000000,47.000000, 38.348999, 1.192000
49.000000,49.000000, 22.990999, 1.111000
47.000000,35.000000, 35.613998, 3.419000
47.000000,37.000000, 46.306999, 3.418000
47.000000,39.000000, 55.320999, 3.198000
47.000000,41.000000, 67.097000, 2.739000
47.000000,43.000000, 77.114998, 2.169000
47.000000,45.000000, 85.960999, 1.363000
47.000000,47.000000, -80.080002, 0.456000
47.000000,49.000000, 0.666000, 0.575000
45.000000,35.000000, 36.053001, 3.450000
45.000000,37.000000, 46.318001, 4.124000
45.000000,39.000000, 55.708000, 5.169000
45.000000,41.000000, 65.847000, 5.079000
45.000000,43.000000, 78.192001, 4.214000
45.000000,45.000000, -86.158997, 3.095000
45.000000,47.000000, -62.320000, 2.362000
45.000000,49.000000, -41.791000, 2.180000
43.000000,35.000000, 45.764999, 4.022000
43.000000,37.000000, 48.771999, 3.669000
43.000000,39.000000, 55.706001, 3.890000
43.000000,41.000000, 67.936996, 4.591000
43.000000,43.000000, 79.311996, 4.297000
43.000000,45.000000, -83.389999, 3.132000
43.000000,47.000000, -51.868000, 3.592000
43.000000,49.000000, -39.474998, 5.394000
41.000000,35.000000, 32.943001, 5.156000
41.000000,37.000000, 26.205000, 3.871000
41.000000,39.000000, 24.952000, 2.521000
41.000000,41.000000, 56.674000, 1.471000
41.000000,43.000000, 80.959999, 2.024000
41.000000,45.000000, -71.674004, 1.550000
41.000000,47.000000, -38.261002, 3.511000
41.000000,49.000000, -33.382999, 6.832000
39.000000,35.000000, 35.939999, 4.196000
39.000000,37.000000, 25.851999, 3.551000
39.000000,39.000000, 19.583000, 3.115000
39.000000,41.000000, 25.160999, 1.952000
39.000000,43.000000, 38.938999, 1.511000
39.000000,45.000000, 31.488001, 1.396000
39.000000,47.000000, 2.206000, 1.650000
39.000000,49.000000, -19.497000, 3.741000
37.000000,35.000000, 57.941002, 4.951000
37.000000,37.000000, 53.985001, 3.074000
37.000000,39.000000, 51.076000, 1.591000
37.000000,41.000000, 53.069000, 0.942000
37.000000,43.000000, 47.622002, 0.977000
37.000000,45.000000, 31.097000, 1.911000
37.000000,47.000000, 23.711000, 3.415000
37.000000,49.000000, 14.978000, 4.334000
35.000000,35.000000, 68.114998, 5.955000
35.000000,37.000000, 64.834999, 3.758000
35.000000,39.000000, 62.570000, 1.618000
35.000000,41.000000, -74.966003, 0.501000
35.000000,43.000000, -48.643002, 1.406000
35.000000,45.000000, -38.893002, 1.560000
35.000000,47.000000, -0.272000, 1.007000
35.000000,49.000000, 26.304001, 2.998000
